,Name,Desc_,Cases,Tested,Test_Encounters,Deaths,DthCOVID19,Population,Rate,Hosp,Counties,Outbreaks,ObjectId
2020-11-17,Colorado,State Data,172044,1491381,2599581,2608,2299,5763976,2984.81,11608,64,1718,146
2020-11-16,Colorado,State Data,167713,1472457,2560096,2578,2276,5763976,2909.68,11203,64,1666,145
2020-11-15,Colorado,State Data,163417,1454824,2523752,2546,2234,5763976,2835.14,11124,64,1650,144
2020-11-14,Colorado,State Data,159234,1436205,2485451,2525,2234,5763976,2762.57,11056,64,1637,143
2020-11-13,Colorado,State Data,154038,1415886,2443599,2504,2234,5763976,2672.43,10861,64,1597,142
2020-11-12,Colorado,State Data,147599,1389134,2391802,2468,2234,5763976,2560.72,10597,64,1572,141
2020-11-11,Colorado,State Data,142402,1387268,2347268,2443,2201,5763976,2470.55,10538,64,1551,140
2020-11-10,Colorado,State Data,138427,1367027,2306782,2427,2201,5763976,2401.59,10263,64,1472,139
2020-11-09,Colorado,State Data,134537,1351495,2274428,2408,2179,5763976,2334.1,10050,64,1426,138
2020-11-08,Colorado,State Data,130984,1334323,2245385,2394,2168,5763976,2272.46,10017,64,1408,137
2020-11-07,Colorado,State Data,127967,1320389,2214788,2389,2168,5763976,2220.12,9997,64,1403,136
2020-11-06,Colorado,State Data,124469,1303345,2177091,2376,2168,5763976,2159.43,9911,64,1378,135
2020-11-05,Colorado,State Data,121006,1287081,2141933,2353,2158,5763976,2099.35,9714,64,1350,134
2020-11-04,Colorado,State Data,117637,1272494,2109114,2333,2147,5763976,2040.9,9618,64,1337,133
2020-11-03,Colorado,State Data,114709,1259853,2082151,2311,2134,5763976,1990.1,9180,64,1268,132
2020-11-02,Colorado,State Data,112147,1249128,2060642,2292,2126,5763976,1945.65,9114,64,1221,131
2020-11-01,Colorado,State Data,109910,1236323,2034795,2288,2105,5763976,1906.84,9089,64,1216,130
2020-10-31,Colorado,State Data,107350,1222276,2004722,2285,2105,5763976,1862.43,9064,64,1216,129
2020-10-30,Colorado,State Data,104426,1207438,1963585,2278,2105,5763976,1811.7,9031,64,1197,128
2020-10-29,Colorado,State Data,102014,1196302,1936408,2268,2095,5763976,1769.85,8943,64,1166,127
2020-10-28,Colorado,State Data,100208,1185043,1910983,2249,2094,5763976,1738.52,8854,64,1142,126
2020-10-27,Colorado,State Data,98733,1177044,1892949,2236,2082,5763976,1712.93,8778,64,1099,125
2020-10-26,Colorado,State Data,97300,1168725,1874101,2226,2082,5763976,1688.07,8658,64,1064,124
2020-10-25,Colorado,State Data,95089,1149629,1842254,2223,2076,5763976,1649.71,8622,64,1057,123
2020-10-24,Colorado,State Data,93400,1137570,1818196,2218,2076,5763976,1620.41,8598,64,1056,122
2020-10-23,Colorado,State Data,91572,1124409,1790404,2211,2076,5763976,1588.7,8557,64,1043,121
2020-10-22,Colorado,State Data,90222,1113799,1764648,2198,2070,5763976,1565.27,8478,64,1028,120
2020-10-21,Colorado,State Data,88849,1103952,1742583,2194,2066,5763976,1541.45,8380,64,1011,119
2020-10-20,Colorado,State Data,87582,1095721,1724038,2182,2060,5763976,1519.47,8332,64,971,118
2020-10-19,Colorado,State Data,86374,1089442,1708450,2180,2051,5763976,1498.51,8248,64,955,117
2020-10-18,Colorado,State Data,85302,1080158,1689313,2176,2042,5763976,1479.92,8227,64,946,116
2020-10-17,Colorado,State Data,84369,1069977,1668053,2176,2042,5763976,1463.73,8217,64,943,115
2020-10-16,Colorado,State Data,83230,1059831,1646557,2172,2042,5763976,1443.97,8169,64,929,114
2020-10-15,Colorado,State Data,81918,1050566,1625527,2162,2029,5763976,1421.21,8127,64,916,113
2020-10-14,Colorado,State Data,80777,1039775,1602956,2160,2025,5763976,1401.41,8068,64,897,112
2020-10-13,Colorado,State Data,80085,1032545,1588632,2153,2009,5763976,1389.41,8003,64,886,111
2020-10-12,Colorado,State Data,79037,1023316,1571329,2116,1998,5763976,1371.22,7915,64,867,110
2020-10-11,Colorado,State Data,78461,1017219,1560179,2113,1998,5763976,1361.23,7893,64,864,109
2020-10-10,Colorado,State Data,77642,1006847,1541162,2112,1998,5763976,1347.02,7879,64,862,108
2020-10-09,Colorado,State Data,76619,995817,1518454,2103,1998,5763976,1329.27,7855,64,859,107
2020-10-08,Colorado,State Data,75785,984996,1496198,2095,1997,5763976,1314.8,7834,64,846,106
2020-10-07,Colorado,State Data,74922,974863,1477301,2085,1990,5763976,1299.83,7771,64,833,105
2020-10-06,Colorado,State Data,74191,965449,1459332,2081,1983,5763976,1287.15,7721,64,817,202
2020-10-05,Colorado,State Data,73537,957533,1444262,2069,1983,5763976,1275.8,7693,64,802,201
2020-10-04,Colorado,State Data,73076,950759,1430540,2068,1968,5763976,1267.81,7673,64,798,200
2020-10-03,Colorado,State Data,72555,942339,1414336,2060,1968,5763976,1258.77,7666,64,797,199
2020-10-02,Colorado,State Data,71898,932914,1396346,2057,1968,5763976,1247.37,7653,64,790,198
2020-10-01,Colorado,State Data,71218,922232,1376920,2054,1962,5763976,1235.57,7579,64,778,197
2020-09-30,Colorado,State Data,70536,911426,1357159,2051,1960,5763976,1223.74,7568,64,770,196
2020-09-29,Colorado,State Data,70025,902242,1341180,2046,1952,5763976,1214.87,7558,64,748,195
2020-09-28,Colorado,State Data,69490,894996,1326642,2044,1945,5763976,1205.59,7530,64,738,194
2020-09-27,Colorado,State Data,69079,888539,1313403,2041,1940,5763976,1198.46,7523,64,736,193
2020-09-26,Colorado,State Data,68510,878021,1295655,2040,1940,5763976,1188.59,7520,64,736,192
2020-09-25,Colorado,State Data,67926,867943,1277613,2037,1940,5763976,1178.46,7479,64,728,191
2020-09-24,Colorado,State Data,67217,858108,1260861,2033,1935,5763976,1166.16,7454,64,724,190
2020-09-23,Colorado,State Data,66669,848906,1245745,2030,1926,5763976,1156.65,7444,63,717,189
2020-09-22,Colorado,State Data,66053,840452,1232288,2025,1926,5763976,1145.96,7416,63,709,188
2020-09-21,Colorado,State Data,65399,834277,1219137,2018,1914,5763976,1134.62,7373,63,701,187
2020-09-20,Colorado,State Data,64857,828108,1208425,2014,1913,5763976,1125.21,7363,63,697,186
2020-09-19,Colorado,State Data,64356,821128,1195379,2013,1913,5763976,1116.52,7357,63,698,185
2020-09-18,Colorado,State Data,63750,813355,1181829,2009,1913,5763976,1106.01,7347,63,691,184
2020-09-17,Colorado,State Data,63145,804767,1166910,2006,1911,5763976,1095.51,7327,63,684,183
2020-09-16,Colorado,State Data,62686,797493,1153853,2002,1905,5763976,1087.55,7288,63,681,182
2020-09-15,Colorado,State Data,62099,791439,1143941,1996,1905,5763976,1077.36,7262,63,670,181
2020-09-14,Colorado,State Data,61699,786511,1134666,1990,1894,5763976,1070.42,7240,63,662,180
2020-09-13,Colorado,State Data,61324,780305,1124181,1988,1889,5763976,1063.92,7227,63,660,179
2020-09-12,Colorado,State Data,60907,773285,1111572,1988,1889,5763976,1056.68,7223,63,658,178
2020-09-11,Colorado,State Data,60492,766113,1097985,1985,1889,5763976,1049.48,7208,63,655,177
2020-09-10,Colorado,State Data,60185,760610,1087199,1979,1889,5763976,1044.16,7186,63,652,176
2020-09-09,Colorado,State Data,59920,756298,1079276,1977,1882,5763976,1039.56,7173,63,646,175
2020-09-08,Colorado,State Data,59674,753209,1073979,1973,1868,5763976,1035.29,7161,63,634,174
2020-09-07,Colorado,State Data,59487,750290,1069606,1973,1866,5763976,1032.05,7142,63,631,173
2020-09-06,Colorado,State Data,59274,744443,1059557,1972,1866,5763976,1028.35,7138,63,631,172
2020-09-05,Colorado,State Data,58989,738563,1051084,1971,1866,5763976,1023.41,7134,63,631,171
2020-09-04,Colorado,State Data,58655,732022,1040752,1966,1866,5763976,1017.61,7125,63,628,170
2020-09-03,Colorado,State Data,58287,725095,1029791,1955,1861,5763976,1011.23,7104,63,625,169
2020-09-02,Colorado,State Data,58019,719148,1021497,1952,1853,5763976,1006.58,7090,63,624,168
2020-09-01,Colorado,State Data,57775,714501,1014642,1946,1853,5763976,1002.35,7053,63,607,167
2020-08-31,Colorado,State Data,57424,710923,1009970,1945,1849,5763976,996.26,7028,63,604,166
2020-08-30,Colorado,State Data,57223,706067,1002802,1944,1843,5763976,992.77,7010,63,604,165
2020-08-29,Colorado,State Data,57041,701377,994951,1944,1843,5763976,989.61,6993,63,602,164
2020-08-28,Colorado,State Data,56773,695569,985622,1937,1843,5763976,984.96,6945,63,600,163
2020-08-27,Colorado,State Data,56343,687530,972990,1931,1835,5763976,977.5,6928,63,594,162
2020-08-26,Colorado,State Data,55993,682339,962754,1927,1835,5763976,971.43,6902,63,590,161
2020-08-25,Colorado,State Data,55800,678335,955641,1926,1826,5763976,968.08,6894,63,581,160
2020-08-24,Colorado,State Data,55341,673913,947645,1919,1824,5763976,960.12,6845,63,572,159
2020-08-23,Colorado,State Data,55143,668994,938596,1918,1815,5763976,956.68,6841,63,571,158
2020-08-22,Colorado,State Data,54883,663781,930152,1918,1815,5763976,952.17,6831,63,570,157
2020-08-21,Colorado,State Data,54586,657852,918926,1910,1815,5763976,947.02,6808,63,567,156
2020-08-20,Colorado,State Data,54230,651250,906693,1903,1815,5694287,952.36,6797,63,566,155
2020-08-19,Colorado,State Data,53901,645170,895207,1900,1800,5694287,946.58,6784,63,561,154
2020-08-18,Colorado,State Data,53631,640250,887859,1899,1788,5694287,941.84,6781,63,552,153
2020-08-17,Colorado,State Data,53370,636081,881252,1896,1778,5694287,937.26,6739,63,545,103
2020-08-16,Colorado,State Data,53176,631008,873051,1896,1768,5694287,933.85,6735,63,542,251
2020-08-15,Colorado,State Data,52838,622745,859734,1896,1768,5694287,927.91,6727,63,541,250
2020-08-14,Colorado,State Data,52538,616772,848795,1888,1768,5694287,922.64,6718,63,540,249
2020-08-13,Colorado,State Data,52219,609824,837290,1882,1763,5694287,917.04,6700,63,536,248
2020-08-12,Colorado,State Data,51756,602296,825062,1875,1756,5694287,908.91,6685,63,532,247
2020-08-11,Colorado,State Data,51441,597867,817422,1875,1751,5694287,903.38,6679,63,519,246
2020-08-10,Colorado,State Data,51039,593794,810276,1863,1746,5694287,896.32,6627,63,514,245
2020-08-09,Colorado,State Data,50660,588547,801739,1858,1736,5694287,889.66,6616,63,513,244
2020-08-08,Colorado,State Data,50324,582639,791022,1857,1736,5694287,883.76,6602,63,513,243
2020-08-07,Colorado,State Data,49893,575894,779670,1857,1736,5694287,876.19,6582,63,514,242
2020-08-06,Colorado,State Data,49436,568127,766473,1852,1729,5694287,868.17,6572,63,509,241
2020-08-05,Colorado,State Data,48988,562086,754644,1851,1717,5694287,860.3,6536,63,502,240
2020-08-04,Colorado,State Data,48394,552205,727026,1849,1710,5694287,849.87,6516,63,488,239
2020-08-03,Colorado,State Data,47968,548808,721921,1844,1710,5694287,842.39,6487,63,483,238
2020-08-02,Colorado,State Data,47716,544023,714560,1844,1691,5694287,837.96,6474,63,481,237
2020-08-01,Colorado,State Data,47267,537382,703954,1844,1691,5694287,830.08,6465,63,481,236
2020-07-31,Colorado,State Data,46809,530220,691365,1838,1691,5694287,822.03,6441,63,479,235
2020-07-30,Colorado,State Data,46204,523174,678823,1822,1691,5694287,811.41,6413,63,477,234
2020-07-29,Colorado,State Data,45796,516502,668245,1822,1688,5694287,804.6,6398,63,473,233
2020-07-28,Colorado,State Data,45314,509012,656305,1807,1679,5694287,795.78,6319,63,463,232
2020-07-27,Colorado,State Data,44565,497265,638968,1799,1668,5694287,773.87,6271,63,457,231
2020-07-26,Colorado,State Data,44336,494626,635575,1794,1661,5694287,769.89,6268,63,457,230
2020-07-25,Colorado,State Data,43789,487235,624351,1794,1661,5694287,760.39,6261,63,457,229
2020-07-24,Colorado,State Data,42980,476586,608070,1790,1661,5694287,746.34,6227,63,455,228
2020-07-23,Colorado,State Data,42314,467726,594731,1786,1645,5694287,734.78,6149,63,452,227
2020-07-22,Colorado,State Data,41698,462275,,1771,1643,5694287,732.28,6133,63,446,226
2020-07-21,Colorado,State Data,41059,454290,,1763,1643,5694287,721.06,6110,63,435,225
2020-07-20,Colorado,State Data,40566,448204,,1758,1615,5694287,712.4,6057,63,428,224
2020-07-19,Colorado,State Data,40142,439068,,1752,1615,5694287,704.95,6032,63,427,223
2020-07-18,Colorado,State Data,39788,432848,,1752,1615,5694287,698.74,6019,63,427,222
2020-07-17,Colorado,State Data,39344,427699,,1751,1615,5694287,690.94,5994,63,424,221
2020-07-16,Colorado,State Data,38726,421313,,1745,1615,5694287,680.09,5966,62,420,220
2020-07-15,Colorado,State Data,38155,413187,,1744,1601,5694287,670.06,5950,62,414,219
2020-07-14,Colorado,State Data,37686,406967,,1738,1594,5694287,661.82,5963,62,403,218
2020-07-13,Colorado,State Data,37242,401942,,1727,1589,5694287,654.02,5941,61,401,217
2020-07-12,Colorado,State Data,36913,396363,,1725,1586,5694287,648.25,5895,61,398,216
2020-07-11,Colorado,State Data,36591,389099,,1725,1586,5694287,642.59,5885,61,398,215
2020-07-10,Colorado,State Data,36191,382859,,1724,1586,5694287,635.57,5864,61,391,214
2020-07-09,Colorado,State Data,35525,374161,,1706,1581,5694287,623.87,5831,61,387,213
2020-07-08,Colorado,State Data,35116,367724,,1704,1544,5694287,616.69,5820,61,384,212
2020-07-07,Colorado,State Data,34664,362145,,1696,1542,5694287,608.75,5741,61,371,211
2020-07-06,Colorado,State Data,34257,357751,,1691,1542,5694287,601.6,5591,61,367,210
2020-07-05,Colorado,State Data,34065,352758,,1701,1521,5694287,598.23,5565,61,366,209
2020-07-04,Colorado,State Data,33866,347821,,1701,1521,5694287,594.74,5550,61,366,208
2020-07-03,Colorado,State Data,33619,342857,,1701,1521,5694287,590.4,5537,61,364,207
2020-07-02,Colorado,State Data,33352,337391,,1701,1521,5694287,585.71,5527,61,362,206
2020-07-01,Colorado,State Data,33029,330359,,1697,1520,5694287,580.04,5513,61,362,205
2020-06-30,Colorado,State Data,32715,324632,,1690,1520,5694287,574.52,5489,61,353,204
2020-06-29,Colorado,State Data,32511,320997,,1682,1508,5694287,570.94,5442,61,353,203
2020-06-28,Colorado,State Data,32307,316734,,1676,1482,5694287,567.36,5401,61,350,152
2020-06-27,Colorado,State Data,32022,310883,,1674,1482,5694287,562.35,5399,61,350,104
2020-06-26,Colorado,State Data,31796,304759,,1673,1482,5694287,558.38,5392,61,349,102
2020-06-25,Colorado,State Data,31479,299772,,1669,1475,5694287,552.82,5386,61,338,101
2020-06-24,Colorado,State Data,31155,293284,,1667,1457,5694287,547.13,5375,60,337,100
2020-06-23,Colorado,State Data,30893,288079,,1665,1455,5694287,542.53,5366,60,333,99
2020-06-22,Colorado,State Data,30705,285130,,1651,1438,5694287,539.22,5343,60,330,98
2020-06-21,Colorado,State Data,30539,280033,,1647,1429,5694287,536.31,5327,60,330,97
2020-06-20,Colorado,State Data,30349,275645,,1647,1429,5694287,532.97,5323,60,327,96
2020-06-19,Colorado,State Data,30187,270335,,1643,1429,5694287,530.13,5318,60,327,95
2020-06-18,Colorado,State Data,29901,264466,,1638,1417,5694287,525.11,5308,60,324,94
2020-06-17,Colorado,State Data,29673,259546,,1631,1402,5694287,521.1,5294,60,323,93
2020-06-16,Colorado,State Data,29442,254020,,1617,1373,5694287,517.04,5272,60,318,92
2020-06-15,Colorado,State Data,29299,250523,,1605,1373,5694287,514.53,5269,60,314,91
2020-06-14,Colorado,State Data,29130,246478,,1599,1348,5694287,511.57,5244,60,312,90
2020-06-13,Colorado,State Data,29017,242034,,1598,1348,5694287,509.58,5244,60,309,89
2020-06-12,Colorado,State Data,28822,236461,,1595,1348,5694287,506.16,5234,60,308,88
2020-06-11,Colorado,State Data,28647,231763,,1583,1339,5694287,503.08,5057,60,308,87
2020-06-10,Colorado,State Data,28499,227761,,1573,1328,5694287,500.48,5035,60,306,86
2020-06-09,Colorado,State Data,28347,223534,,1553,1312,5694287,497.81,5025,60,301,85
2020-06-08,Colorado,State Data,28183,219331,,1543,1292,5694287,494.93,4859,60,299,84
2020-06-07,Colorado,State Data,28001,214940,,1527,1274,5694287,491.74,4485,60,299,83
2020-06-06,Colorado,State Data,27848,210485,,1527,1274,5694287,489.05,4480,60,299,82
2020-06-05,Colorado,State Data,27615,205761,,1524,1274,5694287,484.96,4472,60,296,81
2020-06-04,Colorado,State Data,27360,200912,,1512,1255,5694287,480.48,4460,60,294,80
2020-06-03,Colorado,State Data,27060,194697,,1494,1254,5694287,475.21,4443,60,292,79
2020-06-02,Colorado,State Data,26788,190700,,1474,1228,5694287,470.44,4419,60,284,78
2020-06-01,Colorado,State Data,26577,188069,,1458,1185,5694287,466.73,4372,60,282,77
2020-05-31,Colorado,State Data,26378,183947,,1445,1181,5694287,463.24,4347,60,281,76
2020-05-30,Colorado,State Data,26098,178196,,1443,1181,5694287,458.32,4333,60,280,75
2020-05-29,Colorado,State Data,25613,173300,,1436,1181,5694287,449.8,4307,60,277,74
2020-05-28,Colorado,State Data,25121,166596,,1421,1168,5694287,441.16,4254,60,272,73
2020-05-27,Colorado,State Data,24767,160796,,1392,1135,5694287,434.94,4196,60,271,72
2020-05-26,Colorado,State Data,24565,157036,,1352,1114,5694287,431.4,4160,60,267,71
2020-05-25,Colorado,State Data,24269,153683,,1333,1088,5694287,426.2,4128,60,266,70
2020-05-24,Colorado,State Data,24174,150308,,1332,1088,5694287,424.53,4119,60,264,69
2020-05-23,Colorado,State Data,23964,147744,,1327,1088,5694287,420.84,4105,60,263,68
2020-05-22,Colorado,State Data,23487,142667,,1324,1088,5694287,412.47,4082,60,260,67
2020-05-21,Colorado,State Data,23191,139937,,1310,1062,5694287,407.27,4037,60,256,66
2020-05-20,Colorado,State Data,22797,135611,,1299,1001,5694287,400.35,3990,60,249,65
2020-05-19,Colorado,State Data,22482,131837,,1257,968,5694287,394.82,3955,60,240,64
2020-05-18,Colorado,State Data,22202,129159,,1224,921,5694287,389.9,3899,60,228,63
2020-05-17,Colorado,State Data,21938,126330,,1215,878,5694287,385.26,3872,60,223,62
2020-05-16,Colorado,State Data,21633,123422,,1192,878,5694287,379.91,3866,60,222,61
2020-05-15,Colorado,State Data,21232,119759,,1150,878,5694287,372.86,3842,60,213,60
2020-05-14,Colorado,State Data,20838,115996,,1091,,5694287,365.95,3789,60,208,59
2020-05-13,Colorado,State Data,20475,112505,,1062,,5694287,359.57,3735,60,206,58
2020-05-12,Colorado,State Data,20157,109304,,1009,,5694287,353.99,3695,60,199,57
2020-05-11,Colorado,State Data,19879,106761,,987,,5694287,349.1,3663,60,192,56
2020-05-10,Colorado,State Data,19703,104077,,971,,5694287,346.01,3631,60,190,55
2020-05-09,Colorado,State Data,19375,100610,,967,,5694287,340.25,3623,59,188,54
2020-05-08,Colorado,State Data,18827,96772,,960,,5694287,330.63,3600,59,184,53
2020-05-07,Colorado,State Data,18371,92267,,944,,5694287,322.62,3557,59,178,52
2020-05-06,Colorado,State Data,17830,89529,,921,,5694287,313.12,2986,57,174,51
2020-05-05,Colorado,State Data,17364,85976,,903,,5694287,304.94,2919,56,170,50
2020-05-04,Colorado,State Data,16907,83266,,851,,5694287,296.91,2838,56,163,49
2020-05-03,Colorado,State Data,16635,81352,,842,,5694287,292.13,2799,56,163,48
2020-05-02,Colorado,State Data,16225,78179,,832,,5694287,284.93,2793,56,163,47
2020-05-01,Colorado,State Data,15768,75259,,820,,5694287,276.91,2747,56,161,46
2020-04-30,Colorado,State Data,15284,72390,,777,,5694287,268.37,2697,56,159,45
2020-04-29,Colorado,State Data,14758,69449,,766,,5694287,259.17,2621,56,157,44
2020-04-28,Colorado,State Data,14316,67094,,736,,5694287,251.41,2571,56,149,43
2020-04-27,Colorado,State Data,13879,66341,,706,,5694287,243.74,2485,56,144,42
2020-04-26,Colorado,State Data,13441,63274,,680,,5694287,236.04,2438,57,143,41
2020-04-25,Colorado,State Data,12968,59791,,672,,5694287,227.74,2410,57,141,40
2020-04-24,Colorado,State Data,12255,56789,,674,,5694287,215.22,2366,56,134,39
2020-04-23,Colorado,State Data,11262,52324,,552,,5694287,197.78,2237,56,130,38
2020-04-22,Colorado,State Data,10878,50645,,508,,5694287,191.03,2123,56,123,37
2020-04-21,Colorado,State Data,10447,48704,,486,,5694287,183.46,2003,56,119,36
2020-04-20,Colorado,State Data,10106,47466,,449,,5694287,177.48,1880,56,113,35
2020-04-19,Colorado,State Data,9730,46195,,422,,5694287,170.87,1813,56,111,34
2020-04-18,Colorado,State Data,9433,44606,,411,,5694287,165.66,1797,56,107,33
2020-04-17,Colorado,State Data,9047,43307,,391,,5694287,158.88,1755,57,100,32
2020-04-16,Colorado,State Data,8675,41830,,374,,5694287,152.35,1693,56,93,31
2020-04-15,Colorado,State Data,8280,40533,,357,,5694287,145.41,1636,56,83,30
2020-04-14,Colorado,State Data,7941,39580,,329,,5694287,139.46,1556,56,78,29
2020-04-13,Colorado,State Data,7691,38742,,308,,5694287,135.07,1493,56,72,28
2020-04-12,Colorado,State Data,7303,37153,,290,,5694287,128.25,1417,56,68,27
2020-04-11,Colorado,State Data,6893,34873,,274,,5694287,121.05,1376,56,67,26
2020-04-10,Colorado,State Data,6510,32653,,250,,5694287,114.33,1312,56,59,25
2020-04-09,Colorado,State Data,6202,31180,,226,,5694287,108.92,1221,56,54,24
2020-04-08,Colorado,State Data,5655,29199,,193,,5694287,99.31,1162,54,48,23
2020-04-07,Colorado,State Data,5429,28094,,179,,5694287,95.34,1079,54,44,22
2020-04-06,Colorado,State Data,5172,26875,,150,,5694287,90.83,994,54,41,21
2020-04-05,Colorado,State Data,4950,25773,,140,,5694287,86.93,924,54,37,20
2020-04-04,Colorado,State Data,4565,23900,,126,,5694287,80.17,875,54,30,19
2020-04-03,Colorado,State Data,4173,22071,,111,,5694287,73.28,823,53,27,18
2020-04-02,Colorado,State Data,3728,20411,,97,,5694287,65.47,710,51,21,17
2020-04-01,Colorado,State Data,3342,18645,,80,,5694287,58.69,620,50,17,16
2020-03-31,Colorado,State Data,2966,16849,,69,,5694287,52.09,509,50,16,15
2020-03-30,Colorado,State Data,2627,15364,,51,,5694287,46.13,414,47,14,14
2020-03-29,Colorado,State Data,2307,14470,,47,,5694287,40.51,326,46,10,13
2020-03-28,Colorado,State Data,2061,13276,,44,,5694287,36.19,274,44,10,12
2020-03-27,Colorado,State Data,1734,11676,,31,,5694287,30.45,239,42,9,11
2020-03-26,Colorado,State Data,1430,10122,,24,,5694287,25.11,184,39,9,10
2020-03-25,Colorado,State Data,1086,8064,,19,,5694287,19.07,148,36,9,9
2020-03-24,Colorado,State Data,912,7701,,11,,5694287,16.02,84,35,7,8
2020-03-23,Colorado,State Data,720,6224,,7,,5694287,12.64,72,31,5,7
2020-03-22,Colorado,State Data,591,5436,,6,,5694287,10.38,58,29,5,6
2020-03-21,Colorado,State Data,475,4550,,5,,5694287,8.34,49,29,,5
2020-03-20,Colorado,State Data,363,3680,,4,,5694287,6.37,44,24,,4
2020-03-19,Colorado,State Data,277,2952,,2,,5694287,4.86,42,22,,3
2020-03-18,Colorado,State Data,216,2328,,2,,5694287,3.79,26,20,,2
2020-03-17,Colorado,State Data,183,1790,,2,,5694287,3.21,20,19,,1