Date,Cum_cases,ObjectId,Date_,daily_cases,daily_recoveries,daily_deaths,daily_hospitalizations,cum_recoveries,cum_deaths,cum_hospitalizations,active_cases,Economic_Region
2020-03-03 12:00:00,3,1,1583236800000,3,0,0,0,0,0,0,3,Statewide
2020-03-04 12:00:00,4,2,1583323200000,1,0,0,0,0,0,0,4,Statewide
2020-03-05 12:00:00,5,3,1583409600000,1,0,0,0,0,0,0,5,Statewide
2020-03-06 12:00:00,6,4,1583496000000,1,0,0,1,0,0,1,6,Statewide
2020-03-07 12:00:00,7,5,1583582400000,1,0,0,0,0,0,1,7,Statewide
2020-03-08 12:00:00,8,6,1583668800000,1,0,0,0,0,0,1,8,Statewide
2020-03-09 12:00:00,8,7,1583755200000,0,0,0,0,0,0,1,8,Statewide
2020-03-10 12:00:00,15,8,1583841600000,7,0,0,0,0,0,1,15,Statewide
2020-03-11 12:00:00,16,9,1583928000000,1,0,0,0,0,0,1,16,Statewide
2020-03-12 12:00:00,20,10,1584014400000,4,1,0,0,1,0,1,19,Statewide
2020-03-13 12:00:00,23,11,1584100800000,3,0,0,0,1,0,1,22,Statewide
2020-03-14 12:00:00,30,12,1584187200000,7,0,0,0,1,0,1,29,Statewide
2020-03-15 12:00:00,41,13,1584273600000,11,0,0,0,1,0,1,40,Statewide
2020-03-16 12:00:00,54,14,1584360000000,13,0,1,0,1,1,1,52,Statewide
2020-03-17 12:00:00,70,15,1584446400000,16,1,0,0,2,1,1,67,Statewide
2020-03-18 12:00:00,86,16,1584532800000,16,1,0,0,3,1,1,82,Statewide
2020-03-19 12:00:00,101,17,1584619200000,15,0,0,0,3,1,1,97,Statewide
2020-03-20 12:00:00,114,18,1584705600000,13,1,0,0,4,1,1,109,Statewide
2020-03-21 12:00:00,127,19,1584792000000,13,0,0,1,4,1,2,122,Statewide
2020-03-22 12:00:00,136,20,1584878400000,9,1,0,1,5,1,3,130,Statewide
2020-03-23 12:00:00,153,21,1584964800000,17,4,0,0,9,1,3,143,Statewide
2020-03-24 12:00:00,165,22,1585051200000,12,2,0,2,11,1,5,153,Statewide
2020-03-25 12:00:00,176,23,1585137600000,11,4,0,5,15,1,10,160,Statewide
2020-03-26 12:00:00,188,24,1585224000000,12,4,0,0,19,1,10,168,Statewide
2020-03-27 12:00:00,200,25,1585310400000,12,10,1,0,29,2,10,169,Statewide
2020-03-28 12:00:00,204,26,1585396800000,4,4,1,2,33,3,12,168,Statewide
2020-03-29 12:00:00,214,27,1585483200000,10,4,1,3,37,4,15,173,Statewide
2020-03-30 12:00:00,228,28,1585569600000,14,6,0,1,43,4,16,181,Statewide
2020-03-31 12:00:00,237,29,1585656000000,9,3,0,1,46,4,17,187,Statewide
2020-04-01 12:00:00,247,30,1585742400000,10,10,0,0,56,4,17,187,Statewide
2020-04-02 12:00:00,257,31,1585828800000,10,9,0,4,65,4,21,188,Statewide
2020-04-03 12:00:00,263,32,1585915200000,6,16,1,4,81,5,25,177,Statewide
2020-04-04 12:00:00,272,33,1586001600000,9,7,1,1,88,6,26,178,Statewide
2020-04-05 12:00:00,278,34,1586088000000,6,10,0,2,98,6,28,174,Statewide
2020-04-06 12:00:00,287,35,1586174400000,9,14,0,2,112,6,30,169,Statewide
2020-04-07 12:00:00,297,36,1586260800000,10,13,1,0,125,7,30,165,Statewide
2020-04-08 12:00:00,301,37,1586347200000,4,6,0,2,131,7,32,163,Statewide
2020-04-09 12:00:00,306,38,1586433600000,5,2,0,1,133,7,33,166,Statewide
2020-04-10 12:00:00,312,39,1586520000000,6,8,1,0,141,8,33,163,Statewide
2020-04-11 12:00:00,318,40,1586606400000,6,8,0,0,149,8,33,161,Statewide
2020-04-12 12:00:00,322,41,1586692800000,4,8,1,0,157,9,33,156,Statewide
2020-04-13 12:00:00,325,42,1586779200000,3,20,0,3,177,9,36,139,Statewide
2020-04-14 12:00:00,327,43,1586865600000,2,13,0,1,190,9,37,128,Statewide
2020-04-15 12:00:00,329,44,1586952000000,2,18,0,0,208,9,37,112,Statewide
2020-04-16 12:00:00,332,45,1587038400000,3,5,0,0,213,9,37,110,Statewide
2020-04-17 12:00:00,338,46,1587124800000,6,6,0,0,219,9,37,110,Statewide
2020-04-18 12:00:00,347,47,1587211200000,9,9,0,0,228,9,37,110,Statewide
2020-04-19 12:00:00,347,48,1587297600000,0,10,0,0,238,9,37,100,Statewide
2020-04-20 12:00:00,350,49,1587384000000,3,12,0,1,250,9,38,91,Statewide
2020-04-21 12:00:00,356,50,1587470400000,6,15,0,0,265,9,38,82,Statewide
2020-04-22 12:00:00,357,51,1587556800000,1,13,0,0,278,9,38,70,Statewide
2020-04-23 12:00:00,359,52,1587643200000,2,4,0,0,282,9,38,68,Statewide
2020-04-24 12:00:00,361,53,1587729600000,2,7,0,0,289,9,38,63,Statewide
2020-04-25 12:00:00,363,54,1587816000000,2,5,0,1,294,9,39,60,Statewide
2020-04-26 12:00:00,365,55,1587902400000,2,5,0,0,299,9,39,57,Statewide
2020-04-27 12:00:00,367,56,1587988800000,2,6,0,0,305,9,39,53,Statewide
2020-04-28 12:00:00,370,57,1588075200000,3,4,0,1,309,9,40,52,Statewide
2020-04-29 12:00:00,371,58,1588161600000,1,4,0,0,313,9,40,49,Statewide
2020-04-30 12:00:00,374,59,1588248000000,3,4,0,0,317,9,40,48,Statewide
2020-05-01 12:00:00,375,60,1588334400000,1,2,0,0,319,9,40,47,Statewide
2020-05-02 12:00:00,376,61,1588420800000,1,0,0,1,319,9,41,48,Statewide
2020-05-03 12:00:00,380,62,1588507200000,4,0,1,1,319,10,42,51,Statewide
2020-05-04 12:00:00,382,63,1588593600000,2,3,0,0,322,10,42,50,Statewide
2020-05-05 12:00:00,382,64,1588680000000,0,0,1,0,322,11,42,49,Statewide
2020-05-06 12:00:00,383,65,1588766400000,1,5,0,0,327,11,42,45,Statewide
2020-05-07 12:00:00,385,66,1588852800000,2,6,0,0,333,11,42,41,Statewide
2020-05-08 12:00:00,385,67,1588939200000,0,6,0,0,339,11,42,35,Statewide
2020-05-09 12:00:00,386,68,1589025600000,1,2,1,0,341,12,42,33,Statewide
2020-05-10 12:00:00,390,69,1589112000000,4,3,0,0,344,12,42,34,Statewide
2020-05-11 12:00:00,393,70,1589198400000,3,1,0,1,345,12,43,36,Statewide
2020-05-12 12:00:00,393,71,1589284800000,0,2,0,1,347,12,44,34,Statewide
2020-05-13 12:00:00,394,72,1589371200000,1,0,0,2,347,12,46,35,Statewide
2020-05-14 12:00:00,397,73,1589457600000,3,5,0,1,352,12,47,33,Statewide
2020-05-15 12:00:00,400,74,1589544000000,3,0,0,0,352,12,47,36,Statewide
2020-05-16 12:00:00,403,75,1589630400000,3,2,0,0,354,12,47,37,Statewide
2020-05-17 12:00:00,406,76,1589716800000,3,3,0,0,357,12,47,37,Statewide
2020-05-18 12:00:00,407,77,1589803200000,1,1,0,1,358,12,48,37,Statewide
2020-05-19 12:00:00,410,78,1589889600000,3,2,0,2,360,12,50,38,Statewide
2020-05-20 12:00:00,413,79,1589976000000,3,1,0,0,361,12,50,40,Statewide
2020-05-21 12:00:00,415,80,1590062400000,2,2,0,0,363,12,50,40,Statewide
2020-05-22 12:00:00,419,81,1590148800000,4,0,0,0,363,12,50,44,Statewide
2020-05-23 12:00:00,423,82,1590235200000,4,3,0,0,366,12,50,45,Statewide
2020-05-24 12:00:00,429,83,1590321600000,6,2,0,0,368,12,50,49,Statewide
2020-05-25 12:00:00,435,84,1590408000000,6,0,0,0,368,12,50,55,Statewide
2020-05-26 12:00:00,439,85,1590494400000,4,2,0,1,370,12,51,57,Statewide
2020-05-27 12:00:00,454,86,1590580800000,15,1,0,0,371,12,51,71,Statewide
2020-05-28 12:00:00,464,87,1590667200000,10,1,0,0,372,12,51,80,Statewide
2020-05-29 12:00:00,480,88,1590753600000,16,4,0,0,376,12,51,92,Statewide
2020-05-30 12:00:00,496,89,1590840000000,16,1,0,1,377,12,52,107,Statewide
2020-05-31 12:00:00,505,90,1590926400000,9,4,0,0,381,12,52,112,Statewide
2020-06-01 12:00:00,526,91,1591012800000,21,3,0,0,384,12,52,130,Statewide
2020-06-02 12:00:00,543,92,1591099200000,17,1,0,1,385,12,53,146,Statewide
2020-06-03 12:00:00,550,93,1591185600000,7,1,0,0,386,12,53,152,Statewide
2020-06-04 12:00:00,566,94,1591272000000,16,3,0,0,389,12,53,165,Statewide
2020-06-05 12:00:00,585,95,1591358400000,19,5,0,0,394,12,53,179,Statewide
2020-06-06 12:00:00,595,96,1591444800000,10,3,0,0,397,12,53,186,Statewide
2020-06-07 12:00:00,611,97,1591531200000,16,3,1,0,400,13,53,198,Statewide
2020-06-08 12:00:00,626,98,1591617600000,15,2,1,1,402,14,54,210,Statewide
2020-06-09 12:00:00,649,99,1591704000000,23,9,0,1,411,14,55,224,Statewide
2020-06-10 12:00:00,663,100,1591790400000,14,12,0,1,423,14,56,226,Statewide
2020-06-11 12:00:00,674,101,1591876800000,11,8,1,1,431,15,57,228,Statewide
2020-06-12 12:00:00,691,102,1591963200000,17,8,0,3,439,15,60,237,Statewide
2020-06-13 12:00:00,706,103,1592049600000,15,9,0,1,448,15,61,243,Statewide
2020-06-14 12:00:00,711,104,1592136000000,5,13,0,0,461,15,61,235,Statewide
2020-06-15 12:00:00,721,105,1592222400000,10,11,0,0,472,15,61,234,Statewide
2020-06-16 12:00:00,737,106,1592308800000,16,6,0,2,478,15,63,244,Statewide
2020-06-17 12:00:00,752,107,1592395200000,15,10,0,1,488,15,64,249,Statewide
2020-06-18 12:00:00,765,108,1592481600000,13,10,0,0,498,15,64,252,Statewide
2020-06-19 12:00:00,779,109,1592568000000,14,14,0,0,512,15,64,252,Statewide
2020-06-20 12:00:00,791,110,1592654400000,12,4,0,0,516,15,64,260,Statewide
2020-06-21 12:00:00,804,111,1592740800000,13,4,0,1,520,15,65,269,Statewide
2020-06-22 12:00:00,824,112,1592827200000,20,9,0,0,529,15,65,280,Statewide
2020-06-23 12:00:00,848,113,1592913600000,24,7,0,0,536,15,65,297,Statewide
2020-06-24 12:00:00,876,114,1593000000000,28,4,0,0,540,15,65,321,Statewide
2020-06-25 12:00:00,901,115,1593086400000,25,5,0,1,545,15,66,341,Statewide
2020-06-26 12:00:00,921,116,1593172800000,20,4,0,0,549,15,66,357,Statewide
2020-06-27 12:00:00,956,117,1593259200000,35,6,0,0,555,15,66,386,Statewide
2020-06-28 12:00:00,982,118,1593345600000,26,4,0,0,559,15,66,408,Statewide
2020-06-29 12:00:00,1012,119,1593432000000,30,11,0,1,570,15,67,427,Statewide
2020-06-30 12:00:00,1047,120,1593518400000,35,9,0,1,579,15,68,453,Statewide
2020-07-01 12:00:00,1084,121,1593604800000,37,2,0,2,581,15,70,488,Statewide
2020-07-02 12:00:00,1119,122,1593691200000,35,5,0,4,586,15,74,518,Statewide
2020-07-03 12:00:00,1159,123,1593777600000,40,10,1,3,596,16,77,547,Statewide
2020-07-04 12:00:00,1186,124,1593864000000,27,9,0,1,605,16,78,565,Statewide
2020-07-05 12:00:00,1213,125,1593950400000,27,12,1,4,617,17,82,579,Statewide
2020-07-06 12:00:00,1225,126,1594036800000,12,13,0,2,630,17,84,578,Statewide
2020-07-07 12:00:00,1262,127,1594123200000,37,6,0,3,636,17,87,609,Statewide
2020-07-08 12:00:00,1304,128,1594209600000,42,17,0,2,653,17,89,634,Statewide
2020-07-09 12:00:00,1345,129,1594296000000,41,15,0,1,668,17,90,660,Statewide
2020-07-10 12:00:00,1398,130,1594382400000,53,3,0,0,671,17,90,710,Statewide
2020-07-11 12:00:00,1483,131,1594468800000,85,5,0,2,676,17,92,790,Statewide
2020-07-12 12:00:00,1539,132,1594555200000,56,10,0,0,686,17,92,836,Statewide
2020-07-13 12:00:00,1578,133,1594641600000,39,2,0,1,688,17,93,873,Statewide
2020-07-14 12:00:00,1628,134,1594728000000,50,0,0,0,688,17,93,923,Statewide
2020-07-15 12:00:00,1693,135,1594814400000,65,0,0,0,688,17,93,988,Statewide
