Date,OBJECTID,Date_Received_by_PH,Total_Tests,OBJECTID_1,Cumulative_tests,Percent_positive,Percent_positive_7day,,implied positives per day,,people tested,pos based on people tested
2020-10-28,29470,1603843200000,2538,241,398109,,,,0,,,
2020-10-27,29469,1603756800000,4609,240,395571,,,,0,,,
2020-10-26,29468,1603670400000,1725,239,390962,0.3299725,0.48045349,,5.692025625,,,
2020-10-25,29467,1603584000000,771,238,389237,1.59883721,0.4918422,,12.32703489,,,
2020-10-24,29466,1603497600000,6591,237,388466,1.1627907,0.4969574,,76.63953504,,424,4.930232568
2020-10-23,29465,1603411200000,4878,236,381875,0.5423865,0.5128377,,26.45761347,,,
2020-10-22,29464,1603324800000,9007,235,376997,0.58205032,0.48498285,,52.42527232,,,
2020-10-21,29463,1603238400000,5084,234,367990,0.37114733,0.43996397,,18.86913026,,,
2020-10-20,29462,1603152000000,2103,233,362906,0.37506698,0.4082647,,7.887658589,,,
2020-10-19,29461,1603065600000,875,232,360803,0.39966694,0.38996816,,3.497085725,,,
2020-10-18,29460,1602979200000,4271,231,359928,1.65184244,0.35961983,,70.55019061,,,
2020-10-17,29459,1602892800000,5301,230,355657,1.48619958,0.32698949,,78.78343974,,,
2020-10-16,29458,1602806400000,7915,229,350356,0.34904014,0.30422201,,27.62652708,,,
2020-10-15,29457,1602720000000,1866,228,342441,0.33802817,0.28394612,,6.307605652,,,
2020-10-14,29456,1602633600000,5127,227,340575,0.20003637,0.27169975,,10.25586469,,,
2020-10-13,29455,1602547200000,1420,226,335448,0.2787068,0.27343323,,3.95763656,,,
2020-10-12,29454,1602460800000,1460,225,334028,0.24505184,0.25937021,,3.577756864,,,
2020-10-11,29453,1602374400000,6903,224,332568,0.53050398,0.26137706,,36.62068974,,,
2020-10-10,29452,1602288000000,6371,223,325665,1.03244838,0.2813041,,65.77728629,,,
2020-10-09,29451,1602201600000,4436,222,319294,0.22089684,0.3645461,,9.798983822,,1610,3.556439124
2020-10-08,29450,1602115200000,1873,221,314858,0.2747756,0.35875395,,5.146546988,,,
2020-10-07,29449,1602028800000,5575,220,312985,0.20661157,0.35445602,,11.51859503,,,
2020-10-06,29448,1601942400000,1320,219,307410,0.20649521,0.34164799,,2.725736772,,,
2020-10-05,29447,1601856000000,902,218,306090,0.2559727,0.37071709,,2.308873754,,,
2020-10-04,29446,1601769600000,4538,217,305188,1.62748644,0.34477355,,73.85533465,,,
2020-10-03,29445,1601683200000,4139,216,300650,3.33333333,0.32180841,,137.9666665,,,
2020-10-02,29444,1601596800000,5059,215,296511,0.19148936,0.21305137,,9.687446722,,,
2020-10-01,29443,1601510400000,5126,214,291452,0.2422285,0.21721959,,12.41663291,,,
2020-09-30,29442,1601424000000,3591,213,286326,0.12252399,0.17867295,,4.399836481,,,
2020-09-29,29441,1601337600000,2177,212,282735,0.35335689,0.18730404,,7.692579495,,,
2020-09-28,29440,1601251200000,1295,211,280558,0.08548835,0.15561653,,1.107074133,,,
2020-09-27,29439,1601164800000,7878,210,279263,0.58823529,0.16071208,,46.34117615,,,
2020-09-26,29438,1601078400000,1249,209,271385,0.37735849,0.15238252,,4.71320754,,,
2020-09-25,29437,1600992000000,3958,208,270136,0.21394951,0.14037985,,8.468121606,,,
2020-09-24,29436,1600905600000,4445,207,266178,0.02347418,0.11664723,,1.043427301,,,
2020-09-23,29435,1600819200000,3662,206,261733,0.16563147,0.14879755,,6.065424431,,,
2020-09-22,29434,1600732800000,1602,205,258071,0.19267823,0.13305915,,3.086705245,,,
2020-09-21,29433,1600646400000,953,204,256469,0.11044842,0.12285515,,1.052573443,,,
2020-09-20,29432,1600560000000,4416,203,255516,0.19083969,0.12276691,,8.42748071,,,
2020-09-19,29431,1600473600000,4787,202,251100,0,0.13192051,,0,,,
2020-09-18,29430,1600387200000,4643,201,246313,0.08972633,0.16221985,,4.165993502,,,
2020-09-17,29429,1600300800000,4106,200,241670,0.19523624,0.20013923,,8.016400014,,,
2020-09-16,29428,1600214400000,3652,199,237564,0.08394544,0.24727337,,3.065687469,,,
2020-09-15,29427,1600128000000,961,198,233912,0.13989275,0.26182657,,1.344369328,,,
2020-09-14,29426,1600041600000,990,197,232951,0.10723861,0.27562227,,1.061662239,,,
2020-09-13,29425,1599955200000,3677,196,231961,0.74812968,0.30235744,,27.50872833,,,
2020-09-12,29424,1599868800000,4188,195,228284,1.06060606,0.29654036,,44.41818179,,,
2020-09-11,29423,1599782400000,4941,194,224096,0.2987304,0.26674025,,14.76026906,,,
2020-09-10,29422,1599696000000,4902,193,219155,0.41797283,0.23033612,,20.48902813,,,
2020-09-09,29421,1599609600000,1353,192,214253,0.15047291,0.16207455,,2.035898472,,,
2020-09-08,29420,1599523200000,1400,191,212900,0.2248033,0.17433284,,3.1472462,,,
2020-09-07,29419,1599436800000,1013,190,211500,0.2283105,0.16574047,,2.312785365,,,
2020-09-06,29418,1599350400000,5519,189,210487,0.41753653,0.17812147,,23.04384109,,,
2020-09-05,29417,1599264000000,3890,188,204968,0.17256255,0.17335529,,6.712683195,,,
2020-09-04,29416,1599177600000,1729,187,201078,0.13993353,0.17129427,,2.419450734,,,
2020-09-03,29415,1599091200000,5946,186,199349,0.07194245,0.1862355,,4.277698077,,,
2020-09-02,29414,1599004800000,3720,185,193403,0.21459227,0.21700121,,7.982832444,,,
2020-09-01,29413,1598918400000,1148,184,189683,0.20109164,0.25129768,,2.308532027,,,
2020-08-31,29412,1598832000000,4255,183,188535,0.26191723,0.2537121,,11.14457814,,,
2020-08-30,29411,1598745600000,3212,182,184280,0.18691589,0.27927139,,6.003738387,,,
2020-08-29,29410,1598659200000,4134,181,181068,0.15683814,0.27225812,,6.483688708,,,
2020-08-28,29409,1598572800000,4918,180,176934,0.21226415,0.29598869,,10.4391509,,,
2020-08-27,29408,1598486400000,2973,179,172016,0.24406479,0.32037489,,7.256046207,,,
2020-08-26,29407,1598400000000,3472,178,169043,0.39955605,0.33766234,,13.87258606,,,
2020-08-25,29406,1598313600000,1537,177,165571,0.21538462,0.35151444,,3.310461609,,,
2020-08-24,29405,1598227200000,1711,176,164034,0.42485396,0.3778184,,7.269251256,,,
2020-08-23,29404,1598140800000,2557,175,162323,0.08673027,0.35042793,,2.217693004,,,
2020-08-22,29403,1598054400000,2148,174,159766,0.41152263,0.35269848,,8.839506092,,,
2020-08-21,29402,1597968000000,2744,173,157618,0.35756853,0.34682081,,9.811680463,,,
2020-08-20,29401,1597881600000,2115,172,154874,0.3164557,0.38757186,,6.693038055,,,
2020-08-19,29400,1597795200000,2615,171,152759,0.55938038,0.39090969,,14.62779694,,,
2020-08-18,29399,1597708800000,1298,170,150144,0.34735623,0.39728749,,4.508683865,,,
2020-08-17,29398,1597622400000,1186,169,148846,0.27334852,0.49431902,,3.241913447,,,
2020-08-16,29397,1597536000000,2953,168,147660,0.14914243,0.54119979,,4.404175958,,,
2020-08-15,29396,1597449600000,1625,167,144707,0.33594625,0.56342437,,5.459126563,,,
2020-08-14,29395,1597363200000,3597,166,143082,0.54661403,0.54045939,,19.66170666,,,
2020-08-13,29394,1597276800000,2287,165,139485,0.3257329,0.53994769,,7.449511423,,,
2020-08-12,29393,1597190400000,1212,164,137198,0.6557377,0.58055152,,7.947540924,,,
2020-08-11,29392,1597104000000,1670,163,135986,1.16429495,0.56017347,,19.44372567,,,
2020-08-10,29391,1597017600000,1437,162,134316,0.56818182,0.4418395,,8.164772753,,,
2020-08-09,29390,1596931200000,946,161,132879,0.2997003,0.42903424,,2.835164838,,,
2020-08-08,29389,1596844800000,1469,160,131933,0.20891365,0.4642272,,3.068941519,,,
2020-08-07,29388,1596758400000,1202,159,130464,0.54824561,0.50554151,,6.589912232,,,
2020-08-06,29387,1596672000000,1388,158,129262,0.49170252,0.50605279,,6.824830978,,,
2020-08-05,29386,1596585600000,1596,157,127874,0.53361793,0.45217733,,8.516542163,,,
2020-08-04,29385,1596499200000,1473,156,126278,0.31887755,0.45809474,,4.697066312,,,
2020-08-03,29384,1596412800000,2213,155,124805,0.47824008,0.55906409,,10.58345297,,,
2020-08-02,29383,1596326400000,610,154,122592,0.88339223,0.52213641,,5.388692603,,,
2020-08-01,29382,1596240000000,1839,153,121982,0.54347826,0.47898977,,9.994565201,,,
2020-07-31,29381,1596153600000,1469,152,120143,0.55693069,0.46948357,,8.181311836,,,
2020-07-30,29380,1596067200000,1620,151,118674,0.17421603,0.43951214,,2.822299686,,,
2020-07-29,29379,1595980800000,1215,150,117054,0.61255743,0.45692633,,7.442572775,,,
2020-07-28,29378,1595894400000,845,149,115839,0.92478422,0.45459585,,7.814426659,,,
2020-07-27,29377,1595808000000,1210,148,114994,0.24615385,0.47677126,,2.978461585,,,
2020-07-26,29376,1595721600000,1143,147,113784,0.17889088,0.64516129,,2.044722758,,,
2020-07-25,29375,1595635200000,1390,146,112641,0.42313117,0.65380493,,5.881523263,,,
2020-07-24,29374,1595548800000,1507,145,111251,0.38510911,0.66239316,,5.803594288,,,
2020-07-23,29373,1595462400000,1614,144,109744,0.25094103,0.67875595,,4.050188224,,,
2020-07-22,29372,1595376000000,1096,143,108130,0.59171598,0.63575168,,6.485207141,,,
2020-07-21,29371,1595289600000,1458,142,107034,1.04808878,0.61094612,,15.28113441,,,
2020-07-20,29370,1595203200000,1334,141,105576,1.10178384,0.59111637,,14.69779643,,,
2020-07-19,29369,1595116800000,1790,140,104242,0.33955857,0.51662361,,6.078098403,,,
2020-07-18,29368,1595030400000,2695,139,102452,0.54127199,0.56756531,,14.58728013,,,
2020-07-17,29367,1594944000000,1338,138,99757,0.53165781,0.56123304,,7.113581498,,,
2020-07-16,29366,1594857600000,1635,137,98419,0.20669698,0.60319958,,3.379495623,,,
2020-07-15,29365,1594771200000,1406,136,96784,0.4916018,0.72443315,,6.911921308,,,
2020-07-14,29364,1594684800000,1180,135,95378,0.89338892,0.79247152,,10.54198926,,,
2020-07-13,29363,1594598400000,1528,134,94198,0.62953995,0.74081391,,9.619370436,,,
2020-07-12,29362,1594512000000,955,133,92670,1.4059754,0.73463715,,13.42706507,,,
2020-07-11,29361,1594425600000,1165,132,91715,0.43103448,0.71306618,,5.021551692,,,
2020-07-10,29360,1594339200000,1198,131,90550,0.82802548,0.70929276,,9.91974525,,,
2020-07-09,29359,1594252800000,1979,130,89352,0.80795525,0.62541881,,15.9894344,,,
2020-07-08,29358,1594166400000,1394,129,87373,0.78657577,0.58750424,,10.96486623,,,
2020-07-07,29357,1594080000000,1315,128,85979,0.58548009,0.55784623,,7.699063184,,,
2020-07-06,29356,1593993600000,1100,127,84664,0.5958292,0.59642147,,6.5541212,,,
2020-07-05,29355,1593907200000,462,126,83564,1.10375276,0.70296524,,5.099337751,,,
2020-07-04,29354,1593820800000,833,125,83102,0.21413276,0.65914565,,1.783725891,,,
2020-07-03,29353,1593734400000,1314,124,82269,0,0.64675447,,0,,,
2020-07-02,29352,1593648000000,1430,123,80955,0.59760956,0.71110168,,8.545816708,,,
2020-07-01,29351,1593561600000,1525,122,79525,0.69124424,0.61669325,,10.54147466,,,
2020-06-30,29350,1593475200000,971,121,78000,0.79470199,0.59316834,,7.716556323,,,
2020-06-29,29349,1593388800000,1054,120,77029,1.06145251,0.52339244,,11.18770946,,,
2020-06-28,29348,1593302400000,1439,119,75975,0.38610039,0.64276049,,5.555984612,,,
2020-06-27,29347,1593216000000,1541,118,74536,0.36968577,0.64109903,,5.696857716,,,
2020-06-26,29346,1593129600000,1464,117,72995,0.70011669,0.64423765,,10.24970834,,,
2020-06-25,29345,1593043200000,1453,116,71531,0,0.64348472,,0,,,
2020-06-24,29344,1592956800000,1160,115,70078,0.53731343,0.81431215,,6.232835788,,,
2020-06-23,29343,1592870400000,751,114,68918,0.27422303,0.82742317,,2.059414955,,,
2020-06-22,29342,1592784000000,916,113,68167,2.08333333,0.88694566,,19.0833333,,,
2020-06-21,29341,1592697600000,1177,112,67251,0.25974026,0.66603235,,3.05714286,,,
2020-06-20,29340,1592611200000,1029,111,66074,0.27434842,0.65899832,,2.823045242,,,
2020-06-19,29339,1592524800000,1510,110,65045,0.70771408,0.68103021,,10.68648261,,,
2020-06-18,29338,1592438400000,1463,109,63535,0.92531395,0.59096176,,13.53734309,,,
2020-06-17,29337,1592352000000,1346,108,62072,0.50675676,0.46948357,,6.82094599,,,
2020-06-16,29336,1592265600000,992,107,60726,0.74074074,0.45647212,,7.348148141,,,
2020-06-15,29335,1592179200000,471,106,59734,0.70629782,0.51912279,,3.326662732,,,
2020-06-14,29334,1592092800000,1836,105,59263,0,0.55809234,,0,,,
2020-06-13,29333,1592006400000,1240,104,57427,0.43572985,0.62599364,,5.40305014,,,
2020-06-12,29332,1591920000000,1560,103,56187,0.30503305,0.64637002,,4.75851558,,,
2020-06-11,29331,1591833600000,1705,102,54627,0.24752475,0.75165951,,4.220296988,,,
2020-06-10,29330,1591747200000,1674,101,52922,0.42372881,0.92666401,,7.093220279,,,
2020-06-09,29329,1591660800000,1219,100,51248,1.0446895,0.94595955,,12.73476501,,,
2020-06-08,29328,1591574400000,547,99,50029,0.85106383,1.04495483,,4.65531915,,,
2020-06-07,29327,1591488000000,1627,98,49482,1.5037594,1.12,,24.46616544,,,
2020-06-06,29326,1591401600000,1791,97,47855,0.74766355,1.08108108,,13.39065418,,,
2020-06-05,29325,1591315200000,1312,96,46064,0.91145833,1.05110547,,11.95833329,,,
2020-06-04,29324,1591228800000,1150,95,44752,1.42045455,0.94476744,,16.33522733,,,
2020-06-03,29323,1591142400000,1450,94,43602,0.515132,0.78144381,,7.469414,,,
2020-06-02,29322,1591056000000,739,93,42152,2.05549846,0.80552359,,15.19013362,,,
2020-06-01,29321,1590969600000,677,92,41413,1.19189511,0.55826108,,8.069129895,,,
2020-05-31,29320,1590883200000,1455,91,40736,0.68493151,0.39089767,,9.965753471,,,
2020-05-30,29319,1590796800000,1520,90,39281,0.35842294,0.39057051,,5.448028688,,,
2020-05-29,29318,1590710400000,1495,89,37761,0.330033,0.42396834,,4.93399335,,,
2020-05-28,29317,1590624000000,934,88,36266,0.41186161,0.45387994,,3.846787437,,,
2020-05-27,29316,1590537600000,921,87,35332,0.6097561,0.43196544,,5.615853681,,,
2020-05-26,29315,1590451200000,236,86,34411,0.25461489,0.41640962,,0.6008911404,,,
2020-05-25,29314,1590364800000,672,85,34175,0.23696682,0.41736227,,1.59241703,,,
2020-05-24,29313,1590278400000,883,84,33503,0.67114094,0.45117159,,5.9261745,,,
2020-05-23,29312,1590192000000,1208,83,32620,0.67204301,0.45454545,,8.118279561,,,
2020-05-22,29311,1590105600000,1366,82,31412,0.47281324,0.42649986,,6.458628858,,,
2020-05-21,29310,1590019200000,825,81,30046,0.23094688,0.45706823,,1.90531176,,,
2020-05-20,29309,1589932800000,1277,80,29221,0.53272451,0.55419723,,6.802891993,,,
2020-05-19,29308,1589846400000,595,79,27944,0.18570102,0.6084807,,1.104921069,,,
2020-05-18,29307,1589760000000,643,78,27349,0.5372218,0.6539955,,3.454336174,,,
2020-05-17,29306,1589673600000,672,77,26706,0.8097166,0.82866741,,5.441295552,,,
2020-05-16,29305,1589587200000,648,76,26034,0.41753653,0.79599727,,2.705636714,,,
2020-05-15,29304,1589500800000,601,75,25386,1.10803324,0.80352514,,6.659279772,,,
2020-05-14,29303,1589414400000,617,74,24785,0.91428571,0.81320258,,5.641142831,,,
2020-05-13,29302,1589328000000,729,73,24168,1.14155251,0.9273183,,8.321917798,,,
2020-05-12,29301,1589241600000,416,72,23439,0.28129395,0.92277805,,1.170182832,,,
2020-05-11,29300,1589155200000,343,71,23023,1.37142857,1.12359551,,4.703999995,,,
2020-05-10,29299,1589068800000,718,70,22680,0,1.21037464,,0,,,
2020-05-09,29298,1588982400000,548,69,21962,0,1.22842937,,0,,,
2020-05-08,29297,1588896000000,515,68,21414,1.02339181,1.46609652,,5.270467822,,,
2020-05-07,29296,1588809600000,614,67,20899,1.60818713,1.72520025,,9.874268978,,,
2020-05-06,29295,1588723200000,222,66,20285,1.06007067,2.03685742,,2.353356887,,,
2020-05-05,29294,1588636800000,458,65,20063,1.57170923,2.09812782,,7.198428273,,,
2020-05-04,29293,1588550400000,191,64,19605,2.33100233,2.909316,,4.45221445,,,
2020-05-03,29292,1588464000000,563,63,19414,0,3.18392581,,0,,,
2020-05-02,29291,1588377600000,468,62,18851,2.18978102,3.54282193,,10.24817517,,,
2020-05-01,29290,1588291200000,484,61,18383,2.28658537,3.55472404,,11.06707319,,,
2020-04-30,29289,1588204800000,1048,60,17899,3.38983051,3.78071834,,35.52542374,,,
2020-04-29,29288,1588118400000,256,59,16851,1.40105079,4.18181818,,3.586690022,,,
2020-04-28,29287,1588032000000,165,58,16595,5.76323988,5.05617978,,9.509345802,,,
2020-04-27,29286,1587945600000,293,57,16430,4.38799076,4.80376766,,12.85681293,,,
2020-04-26,29285,1587859200000,571,56,16137,8.63309353,5.21341463,,49.29496406,,,
2020-04-25,29284,1587772800000,400,55,15566,2.12765957,5.06560879,,8.51063828,,,
2020-04-24,29283,1587686400000,758,54,15166,3.37078652,5.13990268,,25.55056182,,,
2020-04-23,29282,1587600000000,479,53,14408,5.47945205,5.29167995,,26.24657532,,,
2020-04-22,29281,1587513600000,603,52,13929,6.27871363,5.43175487,,37.86064319,,,
2020-04-21,29280,1587427200000,379,51,13326,4.26966292,5.02686109,,16.18202247,,,
2020-04-20,29279,1587340800000,159,50,12947,7.00757576,4.58379171,,11.14204546,,,
2020-04-19,29278,1587254400000,307,49,12788,5.14705882,3.89461627,,15.80147058,,,
2020-04-18,29277,1587168000000,295,48,12481,3.25203252,3.52164343,,9.593495934,,,
2020-04-17,29276,1587081600000,502,47,12186,3.81355932,3.52625527,,19.14406779,,,
2020-04-16,29275,1586995200000,551,46,11684,6.63265306,3.85756677,,36.54591836,,,
2020-04-15,29274,1586908800000,365,45,11133,4.13436693,3.72402979,,15.09043929,,,
2020-04-14,29273,1586822400000,426,44,10768,2.29681979,4.59469555,,9.784452305,,,
2020-04-13,29272,1586736000000,227,43,10342,3.33333333,5.47431571,,7.566666659,,,
2020-04-12,29271,1586649600000,506,42,10115,0.41152263,6.41482537,,2.082304508,,,
2020-04-11,29270,1586563200000,548,41,9609,3.10077519,7.07145502,,16.99224804,,,
2020-04-10,29269,1586476800000,589,40,9061,7.65765766,7.34722713,,45.10360362,,,
2020-04-09,29268,1586390400000,308,39,8472,5.1369863,7.99623706,,15.8219178,,,
2020-04-08,29267,1586304000000,377,38,8164,8.57699805,8.71778556,,32.33528265,,,
2020-04-07,29266,1586217600000,393,37,7787,6.47482014,8.40309079,,25.44604315,,,
2020-04-06,29265,1586131200000,512,36,7394,8.58676208,9.10563837,,43.96422185,,,
2020-04-05,29264,1586044800000,389,35,6882,8.69565217,9.55620343,,33.82608694,,,
2020-04-04,29263,1585958400000,602,34,6493,8.10810811,9.62343096,,48.81081082,,,
2020-04-03,29262,1585872000000,511,33,5891,11.03448276,9.8173516,,56.3862069,,,
2020-04-02,29261,1585785600000,509,32,5380,9.10780669,9.69116081,,46.35873605,,,
2020-04-01,29260,1585699200000,209,31,4871,6.51260504,9.65116279,,13.61134453,,,
2020-03-31,29259,1585612800000,215,30,4662,10.44776119,10.01196649,,22.46268656,,,
2020-03-30,29258,1585526400000,345,29,4447,11.07142857,9.64532872,,38.19642857,,,
2020-03-29,29257,1585440000000,185,28,4102,10.12658228,9.56521739,,18.73417722,,,
2020-03-28,29256,1585353600000,309,27,3917,10.55045872,9.35935936,,32.60091744,,,
2020-03-27,29255,1585267200000,360,26,3608,10.87613293,9.01554404,,39.15407855,,,
2020-03-26,29254,1585180800000,197,25,3248,8.30564784,8.02741067,,16.36212624,,,
2020-03-25,29253,1585094400000,907,24,3051,8.18858561,7.86463298,,74.27047148,,,
2020-03-24,29252,1585008000000,266,23,2144,8.2111437,7.0537428,,21.84164224,,,
2020-03-23,29251,1584921600000,154,22,1878,11.63522013,5.7755007,,17.918239,,,
2020-03-22,29250,1584835200000,177,21,1724,5.81395349,4.52140452,,10.29069768,,,
2020-03-21,29249,1584748800000,90,20,1547,6.66666667,4.50191571,,6.000000003,,,
2020-03-20,29248,1584662400000,35,19,1457,5.85585586,4.35212661,,2.049549551,,,
2020-03-19,29247,1584576000000,287,18,1422,7.30337079,3.77804014,,20.96067417,,,
2020-03-18,29246,1584489600000,324,17,1135,3.85604113,2.86512928,,12.49357326,,,
2020-03-17,29245,1584403200000,262,16,811,1.23762376,2.48847926,,3.242574251,,,
2020-03-16,29244,1584316800000,121,15,549,2.8,3.23943662,,3.388,,,
2020-03-15,29243,1584230400000,58,14,428,5.26315789,3.23232323,,3.052631576,,,
2020-03-14,29242,1584144000000,132,13,370,4.76190476,2.68948655,,6.285714283,,,
2020-03-13,29241,1584057600000,89,12,238,1.72413793,2.12121212,,1.534482758,,,
2020-03-12,29240,1583971200000,50,11,149,3.22580645,2.27272727,,1.612903225,,,
2020-03-11,29239,1583884800000,33,10,99,2.3255814,2.20588235,,0.767441862,,,
2020-03-10,29238,1583798400000,28,9,66,3.44827586,2.02020202,,0.9655172408,,,
2020-03-09,29237,1583712000000,7,8,38,0,1.38888889,,0,,,
2020-03-08,29236,1583625600000,5,7,31,0,2.5,,0,,,
2020-03-07,29235,1583539200000,9,6,26,0,,,0,,,
2020-03-06,29234,1583452800000,7,5,17,0,,,0,,,
2020-03-05,29233,1583366400000,4,4,10,11.11111111,,,0.4444444444,,,
2020-03-04,29232,1583280000000,3,3,6,0,,,0,,,
2020-03-03,29231,1583193600000,3,2,3,0,,,0,,,
2020-03-02,29230,1583107200000,0,1,0,0,,,0,,,